Aether Theories
Vidian
122 60 5 5100 4200 3400
0 2
1 6
0 10
1 14
1 24
0 30
0 40
1 48
1 54
0 60
0 64
1 64
0 66
1 66
0 68
1 68
0 70
1 70
0 72
1 72
0 74
1 74
0 76
1 76
0 78
1 78
0 80
1 80
0 82
1 82
0 84
1 84
0 86
1 86
0 88
1 88
0 90
1 90
0 92
1 92
0 94
1 94
0 96
1 96
0 98
1 98
0 100
1 100
0 102
1 102
0 103
1 104
0 105
1 106
0 107
1 108
0 109
1 110
0 111
1 112
0 113
1 114
0 115
1 116
0 117
1 118
0 119
1 120
0 121
1 122
0 123
1 124
0 125
1 126
0 127
1 128
0 129
1 130
0 131
1 132
0 133
1 134
0 135
1 136
0 137
1 138
0 139
1 140
0 141
1 142
1 143
1 144
0 145
1 146
1 147
1 148
0 149
1 150
0 151
1 152
1 153
1 154
0 155
1 156
1 157
1 158
0 159
1 160
0 161
1 162
1 163
1 164
0 165
1 166
1 167
1 168
0 169
1 170
0 171
1 172
1 173
1 174
0 175
1 176
1 177
1 178
0 179
1 180
1 181
0 182
1 183
1 184
0 185
1 186
1 187
1 188
0 189
1 190
1 191
0 192
1 193
1 194
0 195
1 196
1 197
1 198
0 199
1 200
1 201
0 202
1 203
0 204
0 205
1 206
1 207
1 208
0 209
1 210
1 211
0 212
1 213
1 214
0 215
1 216
1 217
1 218
0 219
1 220
1 221
0 222
1 223
1 224
0 225
1 226
1 227
1 228
0 229
1 230
1 231
0 232
1 233
1 234
0 235
1 236
1 237
1 238
0 239
1 240